1+1
casa<-1+1
casa
